#Layer_Color=32768
#
#Feature symbol names
#
$0 r3.937
$1 r1.9685

#
#Feature attribute names
#

#
#Layer features
#
L -0.0446849 -0.1622047 -0.0446849 0.1622047 1 P 0
L -0.0446849 0.1622047 0.2222442 0.1622047 1 P 0
L -0.0446849 -0.1622047 0.2222442 -0.1622047 1 P 0
L 0.105315 0 0.144685 0 0 P 0
L 0.125 -0.019685 0.125 0.019685 0 P 0
L 0.166378 0.1709449 0.166378 0.249685 1 P 0
L 0.166378 0.1709449 0.213622 0.1709449 1 P 0
L 0.166378 0.249685 0.213622 0.249685 1 P 0
L 0.213622 0.1709449 0.213622 0.249685 1 P 0
L 0.2222442 -0.1622047 0.2222442 0.1622047 1 P 0
L 0.231378 0.0759449 0.231378 0.154685 1 P 0
L 0.231378 0.0759449 0.278622 0.0759449 1 P 0
L 0.231378 0.154685 0.278622 0.154685 1 P 0
L 0.232 0.157 0.232 0.258 1 P 0
L 0.232 0.157 0.278 0.157 1 P 0
L 0.232 0.258 0.278 0.258 1 P 0
L 0.276378 0.000315 0.276378 0.0790551 1 P 0
L 0.276378 0.000315 0.323622 0.000315 1 P 0
L 0.276378 0.0005275 0.323622 0.0005275 1 P 0
L 0.276378 -0.0782126 0.276378 0.0005275 1 P 0
L 0.276378 -0.0782126 0.323622 -0.0782126 1 P 0
L 0.276378 0.0790551 0.323622 0.0790551 1 P 0
L 0.278 0.157 0.278 0.258 1 P 0
L 0.278622 0.0759449 0.278622 0.154685 1 P 0
L 0.279 0.102 0.279 0.203 1 P 0
L 0.279 0.102 0.325 0.102 1 P 0
L 0.279 0.203 0.325 0.203 1 P 0
L 0.3232519 -0.001567 0.354748 -0.001567 1 P 0
L 0.3232519 -0.0724331 0.3232519 -0.001567 1 P 0
L 0.3232519 -0.0724331 0.354748 -0.0724331 1 P 0
L 0.323252 0.0024607 0.323252 0.0733268 1 P 0
L 0.323252 0.0024607 0.3547481 0.0024607 1 P 0
L 0.323252 0.0733268 0.3547481 0.0733268 1 P 0
L 0.323622 0.000315 0.323622 0.0790551 1 P 0
L 0.323622 -0.0782126 0.323622 0.0005275 1 P 0
L 0.325 0.102 0.325 0.203 1 P 0
L 0.354567 -0.0014409 0.4254331 -0.0014409 1 P 0
L 0.354567 0.0019685 0.354567 0.0374016 1 P 0
L 0.354567 0.0019685 0.4254331 0.0019685 1 P 0
L 0.354567 -0.036874 0.354567 -0.0014409 1 P 0
L 0.354567 -0.036874 0.4254331 -0.036874 1 P 0
L 0.354567 0.0374016 0.4254331 0.0374016 1 P 0
L 0.354748 -0.0724331 0.354748 -0.001567 1 P 0
L 0.3547481 0.0024607 0.3547481 0.0733268 1 P 0
L 0.4251378 -0.1023622 0.4251378 0.1023622 0 P 0
L 0.4251378 0.1023622 0.6298622 0.1023622 0 P 0
L 0.4251378 -0.1023622 0.6298622 -0.1023622 0 P 0
L 0.4254331 0.0019685 0.4254331 0.0374016 1 P 0
L 0.4254331 -0.036874 0.4254331 -0.0014409 1 P 0
L 0.4826772 -0.134252 0.5535433 -0.134252 1 P 0
L 0.4826772 -0.1657481 0.4826772 -0.134252 1 P 0
L 0.4826772 -0.1657481 0.5535433 -0.1657481 1 P 0
L 0.507815 0 0.5471851 0 0 P 0
L 0.5275 -0.019685 0.5275 0.0196851 0 P 0
L 0.5422834 0.1468504 0.5422834 0.2177165 1 P 0
L 0.5422834 0.1468504 0.5777165 0.1468504 1 P 0
L 0.5422834 0.2177165 0.5777165 0.2177165 1 P 0
L 0.5535433 -0.1657481 0.5535433 -0.134252 1 P 0
L 0.5777165 0.1468504 0.5777165 0.2177165 1 P 0
L 0.580252 0.146567 0.580252 0.2174331 1 P 0
L 0.580252 0.146567 0.6117481 0.146567 1 P 0
L 0.580252 0.2174331 0.6117481 0.2174331 1 P 0
L 0.6117481 0.146567 0.6117481 0.2174331 1 P 0
L 0.6142834 0.146567 0.6142834 0.2174331 1 P 0
L 0.6142834 0.146567 0.6497165 0.146567 1 P 0
L 0.6142834 0.2174331 0.6497165 0.2174331 1 P 0
L 0.6298622 -0.1023622 0.6298622 0.1023622 0 P 0
L 0.6497165 0.146567 0.6497165 0.2174331 1 P 0
L 0.6522834 0.146567 0.6522834 0.2174331 1 P 0
L 0.6522834 0.146567 0.6877165 0.146567 1 P 0
L 0.6522834 0.2174331 0.6877165 0.2174331 1 P 0
L 0.6877165 0.146567 0.6877165 0.2174331 1 P 0
L 0.7051339 0.0613229 0.7051339 0.2266772 1 P 0
L 0.7051339 0.0613229 0.8468662 0.0613229 1 P 0
L 0.7051339 0.2266772 0.8468662 0.2266772 1 P 0
L 0.706 -0.078 0.807 -0.078 1 P 0
L 0.706 -0.124 0.706 -0.078 1 P 0
L 0.706 -0.124 0.807 -0.124 1 P 0
L 0.720567 -0.1202834 0.7914331 -0.1202834 1 P 0
L 0.720567 -0.1557165 0.720567 -0.1202834 1 P 0
L 0.720567 -0.1557165 0.7914331 -0.1557165 1 P 0
L 0.7215669 -0.0107166 0.7215669 0.0247165 1 P 0
L 0.7215669 -0.0107166 0.792433 -0.0107166 1 P 0
L 0.7215669 -0.0122835 0.792433 -0.0122835 1 P 0
L 0.7215669 0.0247165 0.792433 0.0247165 1 P 0
L 0.7215669 0.0252834 0.7215669 0.0607165 1 P 0
L 0.7215669 0.0252834 0.792433 0.0252834 1 P 0
L 0.7215669 -0.0477166 0.7215669 -0.0122835 1 P 0
L 0.7215669 -0.0477166 0.792433 -0.0477166 1 P 0
L 0.7215669 -0.0482519 0.792433 -0.0482519 1 P 0
L 0.7215669 0.0607165 0.792433 0.0607165 1 P 0
L 0.7215669 -0.079748 0.7215669 -0.0482519 1 P 0
L 0.7215669 -0.079748 0.792433 -0.079748 1 P 0
L 0.7914331 -0.1557165 0.7914331 -0.1202834 1 P 0
L 0.792433 -0.0107166 0.792433 0.0247165 1 P 0
L 0.792433 0.0252834 0.792433 0.0607165 1 P 0
L 0.792433 -0.0477166 0.792433 -0.0122835 1 P 0
L 0.792433 -0.079748 0.792433 -0.0482519 1 P 0
L 0.807 -0.124 0.807 -0.078 1 P 0
L 0.8468662 0.0613229 0.8468662 0.2266772 1 P 0
L 0.852 0.152 0.852 0.198 1 P 0
L 0.852 0.152 0.953 0.152 1 P 0
L 0.852 0.198 0.953 0.198 1 P 0
L 0.8576772 0.1092519 0.8576772 0.140748 1 P 0
L 0.8576772 0.1092519 0.9285433 0.1092519 1 P 0
L 0.8576772 0.140748 0.9285433 0.140748 1 P 0
L 0.9218504 -0.1072834 0.9927165 -0.1072834 1 P 0
L 0.9218504 -0.1427165 0.9218504 -0.1072834 1 P 0
L 0.9218504 -0.1427165 0.9927165 -0.1427165 1 P 0
L 0.9285433 0.1092519 0.9285433 0.140748 1 P 0
L 0.953 0.152 0.953 0.198 1 P 0
L 0.9927165 -0.1427165 0.9927165 -0.1072834 1 P 0
L 1.0179134 -0.1007874 1.1820866 -0.1007874 1 P 0
L 1.0179134 -0.1992126 1.0179134 -0.1007874 1 P 0
L 1.0179134 -0.1992126 1.1820866 -0.1992126 1 P 0
L 1.080315 -0.15 1.1196851 -0.15 0 P 0
L 1.086567 0.1162835 1.086567 0.1517166 1 P 0
L 1.086567 0.1162835 1.1574331 0.1162835 1 P 0
L 1.086567 0.1517166 1.1574331 0.1517166 1 P 0
L 1.1 -0.169685 1.1 -0.1303149 0 P 0
L 1.1574331 0.1162835 1.1574331 0.1517166 1 P 0
L 1.1820866 -0.1992126 1.1820866 -0.1007874 1 P 0
L 1.2065669 -0.1662835 1.277433 -0.1662835 1 P 0
L 1.2065669 -0.2017166 1.2065669 -0.1662835 1 P 0
L 1.2065669 -0.2017166 1.277433 -0.2017166 1 P 0
L 1.2065669 -0.2072835 1.277433 -0.2072835 1 P 0
L 1.2065669 -0.2427166 1.2065669 -0.2072835 1 P 0
L 1.2065669 -0.2427166 1.277433 -0.2427166 1 P 0
L 1.2076772 -0.109252 1.2785433 -0.109252 1 P 0
L 1.2076772 -0.1407481 1.2076772 -0.109252 1 P 0
L 1.2076772 -0.1407481 1.2785433 -0.1407481 1 P 0
L 1.277433 -0.2017166 1.277433 -0.1662835 1 P 0
L 1.277433 -0.2427166 1.277433 -0.2072835 1 P 0
L 1.2785433 -0.1407481 1.2785433 -0.109252 1 P 0
L 1.3214567 -0.1092519 1.3923228 -0.1092519 1 P 0
L 1.3214567 -0.140748 1.3214567 -0.1092519 1 P 0
L 1.3214567 -0.140748 1.3923228 -0.140748 1 P 0
L 1.321567 0.2052835 1.321567 0.2407166 1 P 0
L 1.321567 0.2052835 1.3924331 0.2052835 1 P 0
L 1.321567 0.2407166 1.3924331 0.2407166 1 P 0
L 1.3923228 -0.140748 1.3923228 -0.1092519 1 P 0
L 1.3924331 0.2052835 1.3924331 0.2407166 1 P 0
L 1.504252 0.014567 1.504252 0.0854331 1 P 0
L 1.504252 0.014567 1.5357481 0.014567 1 P 0
L 1.504252 0.0854331 1.5357481 0.0854331 1 P 0
L 1.5357481 0.014567 1.5357481 0.0854331 1 P 0
L 1.5792519 0.1165669 1.5792519 0.187433 1 P 0
L 1.5792519 0.1165669 1.610748 0.1165669 1 P 0
L 1.5792519 0.187433 1.610748 0.187433 1 P 0
L 1.610748 0.1165669 1.610748 0.187433 1 P 0
L 1.687378 -0.0360551 1.687378 0.042685 1 P 0
L 1.687378 -0.0360551 1.734622 -0.0360551 1 P 0
L 1.687378 0.042685 1.734622 0.042685 1 P 0
L 1.734622 -0.0360551 1.734622 0.042685 1 P 0
L 1.987 0.252 1.987 0.298 1 P 0
L 1.987 0.252 2.088 0.252 1 P 0
L 1.987 0.298 2.088 0.298 1 P 0
L 2.0123858 0.2138189 2.0123858 0.245315 1 P 0
L 2.0123858 0.2138189 2.0832519 0.2138189 1 P 0
L 2.0123858 0.245315 2.0832519 0.245315 1 P 0
L 2.0832519 0.2138189 2.0832519 0.245315 1 P 0
L 2.088 0.252 2.088 0.298 1 P 0
